[interactor]
86400 16 10 13136 372 40 
6 4 6 3 18 14 23 17 13 23 43 27 36 57 54 24 12 10 13 10 11 10 20 28 37 14 21 30 30 21 38 24 14 17 36 33 31 26 37 31 14 21 7 12 16 10 3 3 
10 15 13 9 0 4 7 16 7 19 11 7 13 36 31 20 15 15 11 33 12 28 32 22 19 34 20 22 21 49 12 31 15 27 24 37 17 27 22 21 12 11 14 4 18 3 6 2 
6 1 2 3 0 0 5 1 2 2 0 11 7 5 3 8 24 34 32 37 34 37 34 57 70 51 55 80 55 94 45 73 64 90 75 69 56 64 64 69 46 37 55 25 41 26 15 7 
8 6 15 1 19 9 10 8 15 9 13 22 16 30 44 52 14 17 25 13 12 11 10 25 10 31 37 21 38 19 25 38 22 19 26 14 20 24 17 16 21 12 18 11 14 11 6 7 
10 4 7 8 4 6 32 10 18 8 31 27 8 15 6 31 12 22 20 10 23 22 30 23 22 28 14 29 23 25 25 10 13 39 30 26 15 20 24 16 25 32 11 13 4 5 4 8 
7 0 0 2 0 7 5 4 3 3 2 3 6 9 4 3 35 58 42 36 46 66 49 78 69 84 51 103 63 92 81 106 77 76 69 77 78 60 58 51 48 52 41 26 18 38 13 20 
11 6 8 13 8 12 15 12 21 8 8 10 24 24 27 25 6 11 12 18 8 17 13 17 10 15 10 25 36 32 26 18 23 34 24 23 22 28 18 14 18 14 21 15 1 4 7 2 
6 0 4 5 3 0 0 8 2 4 1 3 1 7 5 13 13 26 23 39 51 66 52 63 48 46 93 54 96 45 65 69 65 90 69 55 77 61 56 79 46 53 31 15 37 18 14 24 
0 0 3 5 5 5 0 3 2 3 6 9 6 2 11 10 39 25 59 38 54 20 38 41 65 71 69 94 69 88 74 73 62 75 90 55 63 60 58 62 41 36 47 43 43 29 19 22 
1 9 3 0 0 4 2 9 9 0 14 0 4 7 3 3 29 44 35 36 62 70 88 94 75 54 98 93 99 89 68 78 106 113 84 83 93 73 101 71 71 60 38 44 41 16 26 30 
8 6 4 4 0 5 5 0 9 7 5 3 7 3 1 11 16 23 17 26 31 29 34 44 41 25 65 43 35 58 42 31 52 51 34 68 54 48 41 55 35 25 42 27 20 14 17 15 
9 9 13 14 10 9 12 8 12 13 25 15 16 27 14 8 9 16 21 8 14 5 14 9 11 25 21 30 9 25 35 21 26 30 18 23 22 33 20 23 14 16 20 12 13 7 7 3 
12 8 5 9 17 3 9 14 15 11 12 13 4 18 10 27 5 17 14 12 7 18 20 17 21 27 23 14 34 22 25 19 27 19 32 21 37 41 18 18 24 16 17 11 10 10 9 5 
0 0 0 4 6 0 3 8 3 3 0 7 7 9 8 16 34 53 47 57 55 70 81 82 72 55 84 66 84 100 67 85 49 64 63 75 65 61 56 61 51 44 34 30 38 30 20 14 
12 14 0 11 17 12 11 13 16 10 14 9 3 12 30 24 6 4 5 21 12 4 15 14 32 10 22 17 41 29 43 19 45 22 34 12 32 22 17 10 21 36 2 7 22 5 2 8 
6 0 0 9 9 2 5 0 8 0 7 10 10 0 0 6 32 36 45 62 67 81 35 66 78 76 94 88 87 116 81 126 115 112 113 101 108 94 67 83 67 111 68 45 47 35 12 15 
695 12 11 11 34 29 34 46 47 53 68 29 20 42 26 5 32 51 41 63 76 100 101 109 105 104 93 131 117 96 82 80 69 63 56 37 20 32 27 23 17 17 10 14 16 5 9 1 
597 14 15 28 28 34 31 47 68 41 34 54 40 42 44 10 43 42 48 64 59 37 59 61 47 45 66 68 57 48 52 41 50 33 40 48 46 30 15 23 32 7 24 7 1 20 13 8 
2242 22 25 64 99 148 116 129 146 156 173 160 148 160 144 24 18 18 10 21 3 15 11 22 7 28 27 16 14 18 17 10 11 9 9 11 12 18 0 10 3 5 4 6 0 8 8 6 
640 2 10 17 28 29 19 44 39 37 37 41 57 35 52 10 25 19 42 33 33 64 56 50 50 57 80 66 69 65 61 54 42 26 42 51 45 29 20 25 15 27 24 20 23 12 18 7 
588 13 17 16 16 36 32 46 62 24 54 57 52 38 27 5 17 24 28 26 42 56 35 48 34 64 44 57 50 40 33 41 43 25 23 19 12 17 31 11 7 16 11 5 13 5 4 9 
1987 15 28 31 45 70 53 74 93 73 95 58 95 98 80 24 10 13 5 6 19 3 4 23 18 8 27 7 30 32 9 16 30 9 13 3 5 6 15 25 2 1 3 3 1 0 5 1 
563 12 18 33 30 29 31 33 48 51 34 45 26 29 48 7 14 40 40 20 34 55 37 31 47 60 60 56 75 45 52 46 76 51 57 53 22 44 22 29 35 28 14 24 23 13 20 4 
2132 20 29 77 93 54 111 107 106 138 116 135 124 134 137 35 8 12 3 17 2 11 10 24 17 22 14 22 31 12 6 6 6 21 9 13 2 11 6 2 13 3 0 1 0 7 0 1 
2199 33 78 121 156 203 223 246 234 230 284 206 210 206 181 29 3 14 14 16 11 11 20 17 14 8 18 26 18 18 9 15 8 10 5 3 4 3 5 6 6 6 5 17 0 5 0 6 
2043 33 64 99 107 144 151 161 215 248 277 226 288 279 293 94 8 12 16 19 19 15 17 11 25 7 21 32 18 30 19 28 19 14 20 5 2 10 0 3 1 5 4 7 6 5 2 1 
2140 43 59 84 156 144 201 189 222 226 258 279 227 225 194 35 13 11 15 13 15 18 6 15 22 28 25 15 21 17 25 17 6 12 8 6 7 2 6 10 0 3 4 5 0 8 0 0 
662 4 17 10 28 43 16 39 30 27 32 61 41 35 46 13 45 56 41 33 90 68 54 83 80 80 77 110 52 54 58 28 25 39 28 31 24 22 20 5 8 12 6 5 3 17 17 5 
651 5 24 22 22 24 45 43 33 34 53 44 39 59 25 5 38 64 56 66 73 89 70 97 66 59 102 62 78 73 59 63 42 44 52 47 36 34 20 17 20 18 15 4 10 15 10 4 
2148 45 54 57 63 78 102 124 111 105 164 149 179 131 165 36 8 4 13 8 3 16 21 11 15 19 16 29 28 4 10 19 6 17 8 22 11 12 8 17 9 4 6 5 4 0 10 5 
594 5 12 16 35 23 32 28 19 47 30 51 29 52 58 11 25 27 24 38 43 37 33 58 82 49 87 51 61 69 78 58 48 28 35 46 24 20 24 12 30 21 12 11 18 8 13 8 
1935 62 49 108 165 185 217 262 241 288 230 208 216 177 198 52 4 19 18 16 17 9 4 25 8 22 28 24 16 29 25 29 20 1 17 0 3 12 2 3 3 4 4 6 0 5 2 7 
467 310 209 343 558 837 949 1137 1138 960 692 417 258 264 405 715 857 1164 1144 978 743 521 291 666 26705 66412 102950 135351 162466 182399 188059 186444 179228 160446 134368 100728 88630 124186 165204 170702 168007 198641 208041 191335 154414 99757 48051 19883 
149 340 458 712 804 707 686 462 45883 135807 203449 245316 276622 335564 316915 149801 10181 551 364 192 181 143 339 536 610 729 626 520 421 288 116 201 209 423 518 947 28443 70948 109883 140532 163287 173043 174138 161719 136982 104350 80782 40834 
309 385 457 423 380 308 244 164 81 183 194 305 39420 153098 222091 142752 38769 22161 36957 51035 63011 70871 77412 79794 78904 74580 67571 64762 92287 116234 132453 145324 158429 158980 147345 124800 92487 53210 11903 104 82 200 308 404 456 1258 19476 15346 
324 482 711 1099 1648 65524 129785 110618 27097 289 267 395 632 863 989 1151 1073 790 522 295 190 295 423 675 922 5307 37471 73555 106213 134678 153191 167283 173695 180930 197264 204225 200466 180647 147627 100845 68590 45319 17163 597 790 1057 20415 17520 
588 8600 78281 146719 191960 193976 176135 163138 174290 178452 170476 150652 123724 95186 67234 43482 18263 475 221 255 333 609 8714 61189 112790 152376 172724 175384 155716 117832 63494 10871 690 872 1066 948 996 610 378 247 250 329 558 812 1088 1336 19941 16807 
505 360 219 169 304 530 776 862 1005 733 656 19585 82692 113136 91186 31133 695 741 882 882 637 530 339 233 193 276 477 11464 29480 45688 61565 74250 87147 126526 163793 203411 226538 219009 179111 122200 68948 15583 541 367 172 174 13178 22279 
616 803 803 799 652 465 290 133 236 344 547 832 912 936 699 512 43911 116573 124535 66929 2863 16075 44066 71969 142702 222097 288274 330790 342466 323100 276102 203087 123810 62885 40054 7218 662 375 217 175 278 422 666 784 995 850 18433 18584 
526 557 610 583 404 252 108 116 8678 49238 91257 125945 156326 188943 245394 290583 307484 302694 267878 211180 132710 54207 7216 577 433 351 209 186 46984 165199 205561 147149 28751 554 543 469 289 150 136 135 275 424 532 582 518 982 20144 15978 
375 579 771 728 67607 239589 250236 84188 156 206 268 512 681 769 722 600 6205 37466 69279 98038 120058 134716 144481 142744 133986 116619 93579 63201 30067 2577 176 341 24810 100933 163555 203710 215148 197998 150203 82968 12815 232 398 629 707 676 15192 21645 
705 390 289 245 432 659 1050 2619 25581 54389 107194 167431 213855 244617 249369 237772 203273 152197 88743 46219 15394 541 398 249 284 438 679 850 1183 14394 87281 131823 115395 43403 303 347 476 800 1152 1193 1079 843 675 340 223 269 17437 19356 
280 413 574 922 1009 1015 837 488 331 254 172 328 71689 190047 240096 201118 106747 50985 72449 90130 104739 114021 128142 187392 237588 271401 279992 259796 216711 151486 79767 16770 384 612 750 955 1145 909 683 438 252 223 351 480 704 865 15012 23366 
896 1004 954 767 448 289 198 231 430 627 798 1010 956 838 581 456 4094 39893 74972 116812 152286 199656 292841 281898 158547 40815 5307 1344 35661 83679 125669 160211 182883 195947 193515 179536 153727 118455 71721 22514 520 778 884 978 834 713 16247 20033 
278 462 724 901 970 1714 13919 28282 41678 54383 88482 156807 211439 253878 276490 272603 246332 201314 139305 69807 8551 244 458 646 754 867 878 684 522 27443 125949 185784 185164 121713 24701 920 873 859 583 440 259 218 326 418 760 753 16916 19551 
530 780 1107 1167 1060 819 587 424 217 975 25759 70042 116095 151068 180476 197353 205624 198130 181434 150017 116972 101391 83724 64395 46727 31845 16825 559 360 241 26191 144315 222570 220482 135248 19603 950 632 523 313 261 347 489 846 1031 1089 16661 21086 
591 914 1034 943 806 613 433 271 250 387 1395 104471 232334 248531 137195 7344 622 286 212 251 484 779 949 1035 1021 699 554 377 242 203 14285 29796 66408 96632 129448 155936 170045 175342 170077 156144 142369 118793 96351 80663 62789 46737 49916 40112 
316 144 129 174 321 464 543 559 590 468 318 211 188 100 240 336 1030 38380 92257 124977 96548 40691 1908 119 160 255 507 574 10604 31575 51776 69104 82022 93255 121039 169852 208383 234391 240846 230941 203131 155865 103444 57695 11571 204 15828 21775 
[player]
OK 
[interactor]
TIMESTAMP 1 
[player]
TIMESTAMP 1 
[interactor]
0 
[player]
0 
[interactor]
6 
1 2 11 
2 2 13 
3 3 11 
4 4 9 
5 1 3 
6 1 10 
[player]
1 
1 8221 8222 
2 8221 8222 
3 8221 8222 
2 
4 10010 10011 
5 10010 10011 
6 10010 10011 
3 
1 8223 8224 8225 
2 8223 8224 8225 
3 8223 8224 8225 
4 
7 6663 6664 6665 6666 
8 6663 6664 6665 6666 
9 6663 6664 6665 6666 
5 
10 1887 
4 1887 
5 1887 
6 
10 7556 
6 7556 
4 7556 
[interactor]
1 
1 6 
[player]
# 
# 
# 
# 
# 
# 
# 
# 
# 
# 
# 
# 
# 
# 
# 
# 
# 
# 
j 7556 
j 7556 
[debug]
Disk head position: [1]1,1 [2]1,1 [3]1,1 [4]1,1 [5]1,1 [6]1,1 [7]1,1 [8]1,1 [9]1,1 [10]7556,7556 
[player]
0 
0 
[interactor]
TIMESTAMP 2 
[player]
TIMESTAMP 2 
[interactor]
0 
[player]
0 
[interactor]
4 
7 2 16 
8 2 9 
9 1 6 
10 1 5 
[player]
7 
10 12395 12394 
5 12395 12394 
6 12395 12394 
8 
7 6667 6668 
8 6667 6668 
9 6667 6668 
9 
4 4303 
10 4303 
1 4303 
10 
2 3402 
3 3402 
4 3402 
[interactor]
2 
2 10 
3 6 
[player]
# 
# 
j 3402 
j 3402 
# 
# 
# 
# 
# 
# 
# 
# 
# 
# 
# 
# 
# 
# 
r# 
# 
[debug]
Disk head position: [1]1,1 [2]3402,3402 [3]1,1 [4]1,1 [5]1,1 [6]1,1 [7]1,1 [8]1,1 [9]1,1 [10]7557,7556 
[player]
2 
1 
3 
0 
[interactor]
TIMESTAMP 3 
[player]
TIMESTAMP 3 
[interactor]
0 
[player]
0 
[interactor]
3 
11 2 1 
12 1 3 
13 3 6 
[player]
11 
5 1 2 
6 1 2 
10 1 2 
12 
4 1888 
5 1888 
10 1888 
13 
1 4302 4301 4300 
4 4302 4301 4300 
10 4302 4301 4300 
[interactor]
1 
4 5 
[player]
# 
# 
r# 
# 
# 
# 
j 1887 
j 1887 
# 
# 
# 
# 
# 
# 
# 
# 
# 
# 
# 
# 
[debug]
Disk head position: [1]1,1 [2]3403,3402 [3]1,1 [4]1887,1887 [5]1,1 [6]1,1 [7]1,1 [8]1,1 [9]1,1 [10]7557,7556 
[player]
1 
2 
0 
